 1010.0000	  302.0000	   22.0000
   40.0000	  302.0800	   21.7667	    8.1333	    0.0000 
 1000.0000	  304.0000	   16.1667	   11.3333	    0.0000
 1200.0000	  305.3000	   15.0000	   12.0000	    0.0000
 4800.0000        318.0000          0.3000         -8.0000          0.0000
 7200.0000	  336.3636	    0.3000	    4.0000	    0.0000
 8000.0000	  340.0000	    0.3000	   -1.0000	    0.0000
 9000.0000	  342.0000	    0.3000	   -4.6000	    0.0000
10500.0000	  345.0000	    0.3000	  -10.0000	    0.0000
12000.0000	  350.5714	    0.1380	  -18.5714	    0.0000
13000.0000	  354.2857	    0.0300	  -24.2857	    0.0000
14000.0000	  358.0000	    0.0210	  -30.0000	    0.0000
16000.0000	  370.0000	    0.0030	  -45.0000	    0.0000
16500.0000	  376.6667	    0.0030	  -40.0000	    0.0000
17500.0000	  390.0000	    0.0030	  -30.0000	    0.0000
18000.0000	  405.0000	    0.0030	  -25.0000	    0.0000
19500.0000	  450.0000	    0.0100	  -10.0000	    0.0000
25000.0000	  630.0000	    0.0100	  -10.0000	    0.0000
40000.0000        1010.8810         0.00000         0.0000          0.0000
